IN4 Mac Donal
7
12.02.19 14:28
Gran V?a Sando
0.0 0.0
0.0
0.00 0.00
-1.00 -1.00
0.00 0.00
20000.00
0.0
50
50
B
2
27
0.5 -852.62164 972.45410 129.78168 -115.17153 -32768 -32768 -32768 -32768
1 -884.07556 868.75787 118.94255 -137.20645 -32768 -32768 -32768 -32768
1.5 -766.29504 764.18860 -130.55394 189.98883 -32768 -32768 -32768 -32768
2 -237.58759 226.38271 -129.30701 139.27209 -32768 -32768 -32768 -32768
2.5 89.73988 -102.31183 -57.11831 65.42416 -32768 -32768 -32768 -32768
3 125.39694 -135.09959 -80.48669 77.69068 -32768 -32768 -32768 -32768
3.5 134.21832 -146.88570 -82.58009 94.49155 -32768 -32768 -32768 -32768
4 139.18706 -152.16785 -82.08662 100.64758 -32768 -32768 -32768 -32768
4.5 142.53691 -154.09152 -87.85264 95.75455 -32768 -32768 -32768 -32768
5 194.88876 -209.51703 -112.04633 104.00385 -32768 -32768 -32768 -32768
5.5 283.63232 -294.77771 -125.49439 138.88754 -32768 -32768 -32768 -32768
6 261.77682 -271.58853 -90.55211 103.86405 -32768 -32768 -32768 -32768
6.5 283.31458 -293.39536 -97.56989 104.33878 -32768 -32768 -32768 -32768
7 288.46262 -298.08716 -93.99208 106.28651 -32768 -32768 -32768 -32768
7.5 322.65515 -330.78894 -108.37351 115.62508 -32768 -32768 -32768 -32768
8 396.11856 -403.04688 -160.01434 177.48572 -32768 -32768 -32768 -32768
8.5 360.10330 -374.12689 -236.74257 249.14581 -32768 -32768 -32768 -32768
9 417.66873 -429.99692 -294.68762 291.56119 -32768 -32768 -32768 -32768
9.5 465.70621 -475.74969 -316.03354 308.29865 -32768 -32768 -32768 -32768
10 463.43759 -479.29718 -313.49374 316.14706 -32768 -32768 -32768 -32768
10.5 447.14023 -458.84973 -325.07190 320.57007 -32768 -32768 -32768 -32768
11 491.49908 -508.00089 -339.34134 352.06570 -32768 -32768 -32768 -32768
11.5 621.75708 -632.09674 -269.68076 271.49835 -32768 -32768 -32768 -32768
12 625.20624 -641.73969 -284.14194 260.23721 -32768 -32768 -32768 -32768
12.5 622.27692 -631.12238 -254.42641 246.60721 -32768 -32768 -32768 -32768
13 602.81000 -610.10077 -237.12909 236.59236 -32768 -32768 -32768 -32768
13.5 617.19025 -623.85260 -210.22279 202.45721 -32768 -32768 -32768 -32768
