IN4 Mac Donal
4
30.01.19 10:27
Gran V?a Sando
0.0 0.0
0.0
0.00 0.00
-1.00 -1.00
0.00 0.00
20000.00
0.0
50
50
B
2
27
0.5 -852.95490 983.06525 201.20714 -148.07492 -32768 -32768 -32768 -32768
1 -882.32330 846.73761 116.82609 -130.11607 -32768 -32768 -32768 -32768
1.5 -765.14618 766.46625 -125.86370 180.50897 -32768 -32768 -32768 -32768
2 -246.28755 229.03236 -140.92717 141.36537 -32768 -32768 -32768 -32768
2.5 89.88647 -100.32180 -48.08925 65.38007 -32768 -32768 -32768 -32768
3 125.31316 -133.67870 -73.41161 82.48661 -32768 -32768 -32768 -32768
3.5 134.78944 -146.17979 -80.86551 97.46189 -32768 -32768 -32768 -32768
4 139.19385 -149.51608 -79.61456 99.26302 -32768 -32768 -32768 -32768
4.5 142.48987 -154.12186 -85.29573 102.73588 -32768 -32768 -32768 -32768
5 198.29228 -209.21031 -110.99624 114.85223 -32768 -32768 -32768 -32768
5.5 283.44327 -295.28851 -127.02720 143.54623 -32768 -32768 -32768 -32768
6 261.50455 -271.56216 -97.42079 107.97677 -32768 -32768 -32768 -32768
6.5 282.54080 -291.59012 -96.25292 107.90476 -32768 -32768 -32768 -32768
7 288.51520 -297.33685 -99.73267 106.55470 -32768 -32768 -32768 -32768
7.5 322.49649 -332.64288 -113.48034 124.25519 -32768 -32768 -32768 -32768
8 394.74686 -406.49954 -159.70171 187.04407 -32768 -32768 -32768 -32768
8.5 359.57257 -374.31857 -234.59369 254.30324 -32768 -32768 -32768 -32768
9 417.55167 -427.01971 -290.30969 293.21249 -32768 -32768 -32768 -32768
9.5 465.83578 -476.62790 -312.00027 315.40375 -32768 -32768 -32768 -32768
10 467.96777 -479.07108 -314.31818 318.70621 -32768 -32768 -32768 -32768
10.5 447.52209 -459.40167 -319.45123 322.86081 -32768 -32768 -32768 -32768
11 490.78445 -508.96625 -350.95270 353.56274 -32768 -32768 -32768 -32768
11.5 621.20313 -629.50433 -264.98041 277.16550 -32768 -32768 -32768 -32768
12 629.57910 -638.10980 -262.70117 260.92734 -32768 -32768 -32768 -32768
12.5 623.08630 -631.69147 -250.52968 246.50107 -32768 -32768 -32768 -32768
13 603.32123 -612.13599 -233.44524 229.34219 -32768 -32768 -32768 -32768
13.5 614.97302 -623.35803 -207.64496 208.01685 -32768 -32768 -32768 -32768
