IN4 Mac Donal
6
05.02.19 13:10
Gran V?a Sando
0.0 0.0
0.0
0.00 0.00
-1.00 -1.00
0.00 0.00
20000.00
0.0
50
50
B
2
27
0.5 -859.60834 848.25433 153.37308 -146.58382 -32768 -32768 -32768 -32768
1 -879.48553 873.94812 122.36635 -109.67981 -32768 -32768 -32768 -32768
1.5 -764.68848 764.64606 -133.88159 192.16725 -32768 -32768 -32768 -32768
2 -244.23083 229.70796 -139.51219 142.10022 -32768 -32768 -32768 -32768
2.5 90.14594 -102.55087 -53.64777 67.56539 -32768 -32768 -32768 -32768
3 125.17206 -136.05586 -72.58729 83.84039 -32768 -32768 -32768 -32768
3.5 134.80569 -148.01744 -79.36701 97.41833 -32768 -32768 -32768 -32768
4 140.04843 -150.72302 -87.40003 91.79469 -32768 -32768 -32768 -32768
4.5 142.93074 -155.23596 -81.77256 99.35439 -32768 -32768 -32768 -32768
5 198.89366 -209.79655 -111.63251 109.37299 -32768 -32768 -32768 -32768
5.5 283.04044 -295.76050 -130.42601 146.32666 -32768 -32768 -32768 -32768
6 267.76868 -269.89301 -129.54668 105.59631 -32768 -32768 -32768 -32768
6.5 261.53598 -292.05502 -99.59892 106.34612 -32768 -32768 -32768 -32768
7 280.98984 -297.78458 -99.60631 108.01344 -32768 -32768 -32768 -32768
7.5 322.44406 -334.20670 -106.36272 125.01230 -32768 -32768 -32768 -32768
8 395.73044 -405.41629 -159.30563 184.27679 -32768 -32768 -32768 -32768
8.5 358.87479 -376.97568 -237.28532 254.27481 -32768 -32768 -32768 -32768
9 418.55045 -428.58768 -293.53165 296.15906 -32768 -32768 -32768 -32768
9.5 465.59973 -477.77444 -311.06119 314.42477 -32768 -32768 -32768 -32768
10 467.29675 -477.11578 -316.11078 312.48737 -32768 -32768 -32768 -32768
10.5 447.81375 -458.87549 -322.21512 323.67111 -32768 -32768 -32768 -32768
11 492.37872 -508.86200 -337.17230 353.97958 -32768 -32768 -32768 -32768
11.5 622.65582 -630.46722 -265.31268 272.63690 -32768 -32768 -32768 -32768
12 629.41364 -642.26337 -272.26669 261.17145 -32768 -32768 -32768 -32768
12.5 623.73773 -630.67554 -253.26932 243.80287 -32768 -32768 -32768 -32768
13 603.28314 -610.90161 -237.15720 228.56512 -32768 -32768 -32768 -32768
13.5 617.99170 -623.81653 -210.05469 208.45111 -32768 -32768 -32768 -32768
