IN4 Mac Donal
1
22.01.19 14:41
Gran V?a Sando
0.0 0.0
0.0
0.00 0.00
-1.00 -1.00
0.00 0.00
20000.00
0.0
50
50
B
2
27
0.5 -858.71942 849.89911 154.55815 -166.49850 -32768 -32768 -32768 -32768
1 -882.09027 873.18915 122.03316 -183.81076 -32768 -32768 -32768 -32768
1.5 -764.61310 765.14941 -134.28709 185.98195 -32768 -32768 -32768 -32768
2 -242.30452 230.40823 -128.97527 141.07829 -32768 -32768 -32768 -32768
2.5 92.10630 -101.28435 -57.01074 57.53727 -32768 -32768 -32768 -32768
3 126.27031 -134.43568 -79.00439 85.26730 -32768 -32768 -32768 -32768
3.5 135.22231 -145.29497 -85.12247 95.16021 -32768 -32768 -32768 -32768
4 139.20456 -148.87697 -85.83346 96.50973 -32768 -32768 -32768 -32768
4.5 142.51105 -153.98996 -86.47441 103.76056 -32768 -32768 -32768 -32768
5 197.45860 -206.93900 -111.47723 113.43047 -32768 -32768 -32768 -32768
5.5 283.88214 -296.05576 -128.17157 147.66687 -32768 -32768 -32768 -32768
6 265.05820 -270.65289 -107.27505 104.88610 -32768 -32768 -32768 -32768
6.5 282.80338 -292.87589 -96.45383 109.90526 -32768 -32768 -32768 -32768
7 288.00046 -297.23315 -100.12073 107.34904 -32768 -32768 -32768 -32768
7.5 321.25891 -329.65439 -106.02454 115.53558 -32768 -32768 -32768 -32768
8 394.55392 -401.99091 -160.42947 168.15712 -32768 -32768 -32768 -32768
8.5 359.14175 -374.31418 -235.29980 254.41345 -32768 -32768 -32768 -32768
9 416.39716 -427.73032 -293.27866 295.20590 -32768 -32768 -32768 -32768
9.5 464.81625 -475.98901 -313.30753 318.10172 -32768 -32768 -32768 -32768
10 467.98642 -479.09229 -316.03613 313.11639 -32768 -32768 -32768 -32768
10.5 446.87521 -461.60727 -320.66998 324.63153 -32768 -32768 -32768 -32768
11 493.08759 -510.80798 -349.77631 354.62134 -32768 -32768 -32768 -32768
11.5 621.75256 -629.80115 -265.20288 270.51541 -32768 -32768 -32768 -32768
12 627.51556 -640.03632 -270.56937 263.30438 -32768 -32768 -32768 -32768
12.5 623.82513 -632.10754 -247.66489 247.34737 -32768 -32768 -32768 -32768
13 606.43817 -615.20538 -235.24011 229.28828 -32768 -32768 -32768 -32768
13.5 615.01819 -625.01208 -199.50847 209.71498 -32768 -32768 -32768 -32768
