IN030 MCDONSLL
27
22.07.19 08:53
IN030
0.0 0.0
0.0
0.00 0.00
-1.00 -1.00
0.00 0.00
20000.00
0.0
50
50
B
2
27
0.5 -890.48407 855.72223 172.84433 -153.28497 -32768 -32768 -32768 -32768
1 -943.34021 835.78894 153.59673 -177.30446 -32768 -32768 -32768 -32768
1.5 -743.09009 851.01959 -164.92288 140.67323 -32768 -32768 -32768 -32768
2 -238.42638 208.26610 -101.46022 143.32277 -32768 -32768 -32768 -32768
2.5 61.49309 -92.26340 -56.12155 72.40485 -32768 -32768 -32768 -32768
3 95.39854 -124.55779 -75.08255 96.17290 -32768 -32768 -32768 -32768
3.5 101.50285 -130.81355 -87.24691 95.12395 -32768 -32768 -32768 -32768
4 104.66623 -135.35661 -88.24287 111.68933 -32768 -32768 -32768 -32768
4.5 112.09636 -143.96539 -89.35059 112.97478 -32768 -32768 -32768 -32768
5 177.21606 -212.08745 -114.84290 128.18648 -32768 -32768 -32768 -32768
5.5 278.65598 -308.97159 -113.01781 138.76826 -32768 -32768 -32768 -32768
6 261.08713 -291.87134 -87.72160 105.92527 -32768 -32768 -32768 -32768
6.5 283.91409 -316.54050 -90.45232 108.28546 -32768 -32768 -32768 -32768
7 295.94086 -326.86407 -83.67735 102.77044 -32768 -32768 -32768 -32768
7.5 345.57635 -375.29431 -91.30241 116.96246 -32768 -32768 -32768 -32768
8 424.22321 -446.82877 -144.82031 168.57999 -32768 -32768 -32768 -32768
8.5 396.92960 -430.88742 -228.69054 243.42441 -32768 -32768 -32768 -32768
9 461.97202 -492.72961 -277.42358 283.72745 -32768 -32768 -32768 -32768
9.5 500.83533 -532.56744 -308.19095 316.47418 -32768 -32768 -32768 -32768
10 477.85864 -509.33997 -300.44150 317.30032 -32768 -32768 -32768 -32768
10.5 448.34283 -479.62222 -318.35803 330.51166 -32768 -32768 -32768 -32768
11 492.92249 -523.43640 -350.82095 363.19244 -32768 -32768 -32768 -32768
11.5 612.76050 -645.62762 -273.63849 273.31256 -32768 -32768 -32768 -32768
12 616.85706 -651.60608 -264.14502 271.59921 -32768 -32768 -32768 -32768
12.5 602.95917 -630.82843 -248.06602 262.13702 -32768 -32768 -32768 -32768
13 565.25885 -590.62225 -233.57553 247.81151 -32768 -32768 -32768 -32768
13.5 598.16913 -623.90887 -213.50125 220.23874 -32768 -32768 -32768 -32768
