IN030	MCDONSLL							
7								
22.03.19	10:07							
IN030								
0	0							
0								
0	0							
-1	-1							
0	0							
20000								
0								
50								
50								
B								
2								
27								
0,5	-856,60468	843,2912	101,74634	-93,69185	-32768	-32768	-32768	-32768
1	-885,39691	874,84381	112,99006	-170,77368	-32768	-32768	-32768	-32768
1,5	-766,82819	769,92682	-162,84579	119,59515	-32768	-32768	-32768	-32768
2	-242,03569	226,34866	-127,34821	139,57477	-32768	-32768	-32768	-32768
2,5	89,43964	-103,79917	-63,82527	73,34461	-32768	-32768	-32768	-32768
3	124,28098	-133,12097	-79,84984	74,98855	-32768	-32768	-32768	-32768
3,5	133,27739	-147,46777	-82,60876	98,39349	-32768	-32768	-32768	-32768
4	137,05623	-149,99338	-88,4781	98,21198	-32768	-32768	-32768	-32768
4,5	142,17426	-154,15752	-95,4196	97,26216	-32768	-32768	-32768	-32768
5	196,49268	-208,96506	-113,8666	118,11096	-32768	-32768	-32768	-32768
5,5	284,12402	-296,15323	-138,57312	143,30104	-32768	-32768	-32768	-32768
6	261,73141	-272,65228	-95,1573	106,37597	-32768	-32768	-32768	-32768
6,5	280,43735	-294,95374	-91,91305	102,88937	-32768	-32768	-32768	-32768
7	286,54434	-299,22476	-95,92651	97,15128	-32768	-32768	-32768	-32768
7,5	320,65198	-331,33987	-106,12775	116,73252	-32768	-32768	-32768	-32768
8	393,72012	-402,7843	-160,58063	170,30304	-32768	-32768	-32768	-32768
8,5	362,26614	-376,13187	-249,88722	245,70316	-32768	-32768	-32768	-32768
9	419,00183	-433,15021	-299,4418	290,55701	-32768	-32768	-32768	-32768
9,5	465,18237	-477,20111	-320,28491	307,93558	-32768	-32768	-32768	-32768
10	462,90234	-477,21378	-318,79459	320,93976	-32768	-32768	-32768	-32768
10,5	446,20459	-459,66174	-325,17792	333,11151	-32768	-32768	-32768	-32768
11	490,15417	-506,00137	-353,73428	352,38879	-32768	-32768	-32768	-32768
11,5	620,99841	-630,55225	-267,3613	273,50778	-32768	-32768	-32768	-32768
12	624,28827	-643,01678	-283,08493	263,71158	-32768	-32768	-32768	-32768
12,5	619,40039	-628,91132	-250,23311	248,89175	-32768	-32768	-32768	-32768
13	593,20154	-603,1748	-234,6228	234,04065	-32768	-32768	-32768	-32768
13,5	613,44788	-623,23706	-212,84282	206,06508	-32768	-32768	-32768	-32768
