IN030	MCDONSLL							
19								
27.05.19	12:26							
IN030								
0	0							
0								
0	0							
-1	-1							
0	0							
20000								
0								
50								
50								
B								
2								
27								
0,5	-826,33057	843,87543	132,25681	-164,19368	-32768	-32768	-32768	-32768
1	-887,12402	838,49249	114,72144	-117,4204	-32768	-32768	-32768	-32768
1,5	-768,21088	793,73151	-148,62944	183,6682	-32768	-32768	-32768	-32768
2	-213,07567	208,07806	-94,23432	129,17824	-32768	-32768	-32768	-32768
2,5	92,87103	-108,38832	-48,24426	62,65699	-32768	-32768	-32768	-32768
3	126,42432	-141,45314	-77,96806	85,30202	-32768	-32768	-32768	-32768
3,5	133,15909	-150,40099	-82,0773	97,55585	-32768	-32768	-32768	-32768
4	135,54819	-151,22737	-81,03358	93,83354	-32768	-32768	-32768	-32768
4,5	140,85397	-158,43071	-85,95055	96,98362	-32768	-32768	-32768	-32768
5	193,8688	-211,70851	-114,37329	115,31848	-32768	-32768	-32768	-32768
5,5	283,62592	-300,43149	-123,98186	140,44443	-32768	-32768	-32768	-32768
6	264,35806	-278,80087	-98,57935	96,30002	-32768	-32768	-32768	-32768
6,5	284,80713	-301,66122	-92,78229	97,96078	-32768	-32768	-32768	-32768
7	287,16837	-301,82327	-85,5735	107,22834	-32768	-32768	-32768	-32768
7,5	320,72134	-339,07327	-107,65124	125,58389	-32768	-32768	-32768	-32768
8	393,07962	-405,33536	-166,45471	188,69191	-32768	-32768	-32768	-32768
8,5	363,83762	-382,17313	-251,74397	258,42535	-32768	-32768	-32768	-32768
9	423,69321	-438,94339	-300,01874	298,22723	-32768	-32768	-32768	-32768
9,5	468,1629	-482,98746	-323,49078	321,17206	-32768	-32768	-32768	-32768
10	462,70111	-480,31659	-317,9321	326,22418	-32768	-32768	-32768	-32768
10,5	447,00623	-463,93369	-326,69525	337,37622	-32768	-32768	-32768	-32768
11	492,31906	-512,68665	-350,38507	356,35773	-32768	-32768	-32768	-32768
11,5	621,23291	-639,32043	-280,34482	269,82297	-32768	-32768	-32768	-32768
12	628,65625	-648,14801	-263,9537	262,05716	-32768	-32768	-32768	-32768
12,5	613,49268	-630,03308	-254,45117	247,76225	-32768	-32768	-32768	-32768
13	582,84344	-593,39587	-230,90143	236,47682	-32768	-32768	-32768	-32768
13,5	610,08881	-622,21515	-205,35519	212,67854	-32768	-32768	-32768	-32768
