IN030	MCDONSLL							
15								
30.04.19	12:57							
IN030								
0	0							
0								
0	0							
-1	-1							
0	0							
20000								
0								
50								
50								
B								
2								
27								
0,5	-860,40283	848,7218	144,29997	-133,88699	-32768	-32768	-32768	-32768
1	-887,9632	843,56989	119,59074	-173,60406	-32768	-32768	-32768	-32768
1,5	-767,91644	772,8006	-153,27563	107,83591	-32768	-32768	-32768	-32768
2	-233,14162	212,98726	-116,60562	135,80122	-32768	-32768	-32768	-32768
2,5	90,92504	-106,05272	-54,18674	63,82801	-32768	-32768	-32768	-32768
3	129,14427	-140,26407	-77,50677	84,50835	-32768	-32768	-32768	-32768
3,5	138,1819	-153,08363	-83,86183	97,73521	-32768	-32768	-32768	-32768
4	140,77423	-154,72491	-82,69792	91,21179	-32768	-32768	-32768	-32768
4,5	145,15701	-160,37123	-87,13853	108,61147	-32768	-32768	-32768	-32768
5	196,97049	-213,17281	-112,72812	113,12937	-32768	-32768	-32768	-32768
5,5	281,14398	-297,56552	-137,49821	142,60718	-32768	-32768	-32768	-32768
6	261,95764	-275,73148	-93,1058	100,01605	-32768	-32768	-32768	-32768
6,5	282,69614	-298,62128	-87,98803	101,85183	-32768	-32768	-32768	-32768
7	284,92157	-300,73578	-95,34103	108,82402	-32768	-32768	-32768	-32768
7,5	322,38104	-336,49091	-109,18824	129,84232	-32768	-32768	-32768	-32768
8	393,65616	-403,83047	-163,19417	188,49635	-32768	-32768	-32768	-32768
8,5	362,66159	-379,1937	-243,8434	260,11584	-32768	-32768	-32768	-32768
9	420,99506	-436,55475	-298,11139	298,08621	-32768	-32768	-32768	-32768
9,5	468,60809	-481,3891	-323,32272	326,65021	-32768	-32768	-32768	-32768
10	461,64621	-477,98157	-318,74011	324,90884	-32768	-32768	-32768	-32768
10,5	446,0611	-460,85065	-325,54007	332,98438	-32768	-32768	-32768	-32768
11	495,96146	-508,05756	-345,33081	360,25262	-32768	-32768	-32768	-32768
11,5	619,78278	-635,94141	-275,63596	269,48706	-32768	-32768	-32768	-32768
12	625,73761	-646,21619	-276,10492	267,71249	-32768	-32768	-32768	-32768
12,5	613,72626	-629,6781	-263,07431	249,98361	-32768	-32768	-32768	-32768
13	585,97247	-596,00836	-232,60103	237,31575	-32768	-32768	-32768	-32768
13,5	609,94818	-620,37213	-218,19476	214,75494	-32768	-32768	-32768	-32768
