IN030 MCDONSLL
17
13.05.19 11:00
IN030
0.0 0.0
0.0
0.00 0.00
-1.00 -1.00
0.00 0.00
20000.00
0.0
50
50
B
2
27
0.5 -882.05011 821.47925 130.90376 -207.27168 -32768 -32768 -32768 -32768
1 -889.65424 827.85217 129.20697 -132.24130 -32768 -32768 -32768 -32768
1.5 -728.46954 819.82190 -171.76288 180.36360 -32768 -32768 -32768 -32768
2 -214.09784 202.23038 -100.54958 127.03937 -32768 -32768 -32768 -32768
2.5 94.78237 -109.25462 -58.33115 59.82589 -32768 -32768 -32768 -32768
3 131.16670 -142.66817 -80.42678 89.59699 -32768 -32768 -32768 -32768
3.5 138.96298 -151.28398 -87.04809 88.86678 -32768 -32768 -32768 -32768
4 140.10521 -151.35031 -86.29542 82.26106 -32768 -32768 -32768 -32768
4.5 145.33791 -159.51521 -91.39355 99.82991 -32768 -32768 -32768 -32768
5 200.75055 -211.58134 -112.70628 121.51926 -32768 -32768 -32768 -32768
5.5 282.71820 -296.36118 -140.84869 136.47078 -32768 -32768 -32768 -32768
6 263.96884 -276.01010 -95.18839 101.92893 -32768 -32768 -32768 -32768
6.5 282.48386 -298.10995 -92.68447 100.35160 -32768 -32768 -32768 -32768
7 287.16891 -299.26556 -100.69521 103.14873 -32768 -32768 -32768 -32768
7.5 322.63898 -334.50952 -110.81793 122.01553 -32768 -32768 -32768 -32768
8 393.57385 -401.99399 -169.77455 181.66849 -32768 -32768 -32768 -32768
8.5 364.67221 -378.80014 -253.85335 250.87042 -32768 -32768 -32768 -32768
9 424.62778 -437.93839 -299.57791 299.62613 -32768 -32768 -32768 -32768
9.5 468.18677 -481.24158 -329.33981 318.26996 -32768 -32768 -32768 -32768
10 463.55173 -477.87888 -317.00867 319.14536 -32768 -32768 -32768 -32768
10.5 448.17596 -459.41409 -329.04358 323.46442 -32768 -32768 -32768 -32768
11 497.55045 -508.46198 -346.75751 357.37772 -32768 -32768 -32768 -32768
11.5 625.25830 -636.81036 -266.75043 264.19699 -32768 -32768 -32768 -32768
12 627.45782 -646.49475 -275.25629 259.14908 -32768 -32768 -32768 -32768
12.5 620.20636 -629.01172 -240.31023 247.86649 -32768 -32768 -32768 -32768
13 585.60083 -593.91132 -231.99767 233.76202 -32768 -32768 -32768 -32768
13.5 610.76160 -620.27356 -225.31096 209.41473 -32768 -32768 -32768 -32768
