IN030 MCDONSLL
8
26.03.19 12:42
IN030
0.0 0.0
0.0
0.00 0.00
-1.00 -1.00
0.00 0.00
20000.00
0.0
50
50
B
2
27
0.5 -855.09717 852.17944 146.03365 -163.49602 -32768 -32768 -32768 -32768
1 -884.63062 843.47357 119.74044 -134.56723 -32768 -32768 -32768 -32768
1.5 -768.52435 773.32660 -98.35074 133.22447 -32768 -32768 -32768 -32768
2 -244.49796 222.85927 -137.56050 134.00534 -32768 -32768 -32768 -32768
2.5 90.08411 -101.20679 -64.62142 71.94315 -32768 -32768 -32768 -32768
3 124.27865 -132.70149 -78.99326 79.29754 -32768 -32768 -32768 -32768
3.5 133.28239 -143.39151 -90.62997 91.66512 -32768 -32768 -32768 -32768
4 138.48932 -148.23697 -89.78015 96.42331 -32768 -32768 -32768 -32768
4.5 143.23920 -154.48470 -95.58694 101.18302 -32768 -32768 -32768 -32768
5 196.07466 -212.25049 -113.43040 112.48392 -32768 -32768 -32768 -32768
5.5 283.00424 -296.18304 -148.65466 143.14041 -32768 -32768 -32768 -32768
6 262.94064 -270.88354 -108.20660 105.07065 -32768 -32768 -32768 -32768
6.5 280.69540 -293.19284 -103.23218 105.05460 -32768 -32768 -32768 -32768
7 286.37604 -295.90262 -98.64748 103.75208 -32768 -32768 -32768 -32768
7.5 321.68765 -332.34634 -120.20219 117.19501 -32768 -32768 -32768 -32768
8 393.87103 -402.84793 -164.06757 180.44731 -32768 -32768 -32768 -32768
8.5 364.18896 -376.78775 -249.95262 254.78369 -32768 -32768 -32768 -32768
9 420.97586 -432.23190 -299.60117 295.03445 -32768 -32768 -32768 -32768
9.5 467.49332 -476.37802 -322.63126 306.31250 -32768 -32768 -32768 -32768
10 463.93680 -477.62674 -323.65613 325.00439 -32768 -32768 -32768 -32768
10.5 447.86954 -458.55411 -326.06516 330.26770 -32768 -32768 -32768 -32768
11 492.97031 -508.10980 -358.69604 352.68631 -32768 -32768 -32768 -32768
11.5 619.66760 -631.70959 -287.98019 270.06189 -32768 -32768 -32768 -32768
12 631.42383 -642.19550 -260.89975 261.38342 -32768 -32768 -32768 -32768
12.5 619.63849 -630.80585 -257.73001 244.27650 -32768 -32768 -32768 -32768
13 592.97772 -602.19543 -242.26343 232.52141 -32768 -32768 -32768 -32768
13.5 611.90216 -620.79175 -224.00487 203.90123 -32768 -32768 -32768 -32768
