IN030	MCDONSLL							
9								
29.03.19	10:37							
IN030								
0	0							
0								
0	0							
-1	-1							
0	0							
20000								
0								
50								
50								
B								
2								
27								
0,5	-856,04462	846,44702	157,52466	-157,24396	-32768	-32768	-32768	-32768
1	-887,47821	841,52826	130,71823	-133,22043	-32768	-32768	-32768	-32768
1,5	-764,61786	772,89642	-173,23758	177,63155	-32768	-32768	-32768	-32768
2	-235,61766	223,32991	-118,84875	136,31477	-32768	-32768	-32768	-32768
2,5	89,35164	-99,7822	-63,44643	63,87774	-32768	-32768	-32768	-32768
3	124,98647	-133,26602	-82,75307	84,50541	-32768	-32768	-32768	-32768
3,5	133,80229	-145,10124	-86,87471	88,87363	-32768	-32768	-32768	-32768
4	136,34442	-147,3067	-91,45723	95,3575	-32768	-32768	-32768	-32768
4,5	142,50914	-155,02971	-94,04361	92,50122	-32768	-32768	-32768	-32768
5	196,24617	-211,33449	-114,42044	114,11	-32768	-32768	-32768	-32768
5,5	283,31171	-296,2626	-141,96754	139,40965	-32768	-32768	-32768	-32768
6	261,76898	-274,16437	-99,79861	101,3215	-32768	-32768	-32768	-32768
6,5	281,39474	-296,31671	-92,38652	102,55647	-32768	-32768	-32768	-32768
7	285,12741	-297,66229	-100,22526	98,86306	-32768	-32768	-32768	-32768
7,5	321,81998	-331,50415	-109,42736	115,88059	-32768	-32768	-32768	-32768
8	394,26062	-400,92969	-165,24815	179,21449	-32768	-32768	-32768	-32768
8,5	362,45474	-372,57724	-243,98874	240,94196	-32768	-32768	-32768	-32768
9	419,77533	-431,38257	-300,38077	286,79794	-32768	-32768	-32768	-32768
9,5	466,70978	-478,76395	-325,62744	315,99649	-32768	-32768	-32768	-32768
10	463,30084	-477,12189	-325,31454	323,87976	-32768	-32768	-32768	-32768
10,5	447,56009	-458,68628	-330,38034	329,27814	-32768	-32768	-32768	-32768
11	495,17172	-506,59515	-349,61282	353,00934	-32768	-32768	-32768	-32768
11,5	620,69165	-631,10413	-275,92578	273,04797	-32768	-32768	-32768	-32768
12	625,66785	-644,26825	-281,73846	260,62979	-32768	-32768	-32768	-32768
12,5	616,59351	-629,73584	-267,12869	244,31277	-32768	-32768	-32768	-32768
13	593,57782	-601,73981	-233,57895	232,92398	-32768	-32768	-32768	-32768
13,5	614,12128	-621,17578	-213,87244	206,66826	-32768	-32768	-32768	-32768
