IN030	MCDONSLL							
10								
01.04.19	14:53							
IN030								
0	0							
0								
0	0							
-1	-1							
0	0							
20000								
0								
50								
50								
B								
2								
27								
0,5	-855,3772	849,19141	100,29552	-107,89668	-32768	-32768	-32768	-32768
1	-886,53906	843,24219	129,55005	-181,27545	-32768	-32768	-32768	-32768
1,5	-765,70349	765,54871	-159,60905	176,16278	-32768	-32768	-32768	-32768
2	-235,85912	220,37379	-115,94215	137,79317	-32768	-32768	-32768	-32768
2,5	91,16975	-103,78294	-59,62022	69,08235	-32768	-32768	-32768	-32768
3	124,69445	-135,83514	-81,7229	88,19975	-32768	-32768	-32768	-32768
3,5	132,60806	-146,31708	-88,44051	101,08149	-32768	-32768	-32768	-32768
4	137,88432	-149,48953	-89,05814	99,81738	-32768	-32768	-32768	-32768
4,5	141,41615	-155,1013	-92,63763	101,7151	-32768	-32768	-32768	-32768
5	198,40887	-210,06642	-110,08948	115,45111	-32768	-32768	-32768	-32768
5,5	283,13507	-296,26709	-142,37469	140,98973	-32768	-32768	-32768	-32768
6	263,46848	-275,10422	-96,28318	104,55345	-32768	-32768	-32768	-32768
6,5	282,72913	-296,89111	-103,63351	100,6304	-32768	-32768	-32768	-32768
7	287,06357	-299,40146	-94,3363	101,09238	-32768	-32768	-32768	-32768
7,5	322,62341	-332,8396	-103,71351	112,82764	-32768	-32768	-32768	-32768
8	394,92715	-401,99478	-159,86026	177,92868	-32768	-32768	-32768	-32768
8,5	363,17685	-375,26089	-241,20784	252,34619	-32768	-32768	-32768	-32768
9	419,92136	-431,57962	-295,54807	291,12457	-32768	-32768	-32768	-32768
9,5	468,16177	-477,74216	-321,75204	316,98834	-32768	-32768	-32768	-32768
10	464,66354	-477,47153	-318,16077	322,74231	-32768	-32768	-32768	-32768
10,5	448,89005	-459,72476	-326,18231	329,91129	-32768	-32768	-32768	-32768
11	495,12515	-507,27762	-351,0864	352,96262	-32768	-32768	-32768	-32768
11,5	620,72003	-635,13202	-277,67621	266,94186	-32768	-32768	-32768	-32768
12	626,43774	-645,18445	-277,68881	261,39221	-32768	-32768	-32768	-32768
12,5	617,41022	-629,22412	-257,7811	244,30867	-32768	-32768	-32768	-32768
13	592,69391	-600,92749	-233,48059	236,01424	-32768	-32768	-32768	-32768
13,5	611,72656	-621,25916	-222,36197	208,13274	-32768	-32768	-32768	-32768
