IN030	MCDONSLL							
16								
07.05.19	14:17							
IN030								
0	0							
0								
0	0							
-1	-1							
0	0							
20000								
0								
50								
50								
B								
2								
27								
0,5	-863,27649	857,98785	149,18706	-192,75935	-32768	-32768	-32768	-32768
1	-886,15491	870,21942	118,84242	-165,35471	-32768	-32768	-32768	-32768
1,5	-765,09052	780,79517	-175,75232	122,31168	-32768	-32768	-32768	-32768
2	-222,89885	207,87106	-104,61543	127,72506	-32768	-32768	-32768	-32768
2,5	93,06552	-108,23399	-59,5752	69,34805	-32768	-32768	-32768	-32768
3	130,36604	-141,42105	-80,38634	83,4968	-32768	-32768	-32768	-32768
3,5	137,90492	-151,2267	-85,04886	93,21131	-32768	-32768	-32768	-32768
4	140,35426	-153,07599	-87,0686	93,47787	-32768	-32768	-32768	-32768
4,5	144,39886	-159,62323	-91,1599	101,91469	-32768	-32768	-32768	-32768
5	199,87276	-212,48212	-111,86849	113,04044	-32768	-32768	-32768	-32768
5,5	285,05121	-296,37097	-123,20207	142,91336	-32768	-32768	-32768	-32768
6	263,1633	-275,70108	-97,42921	99,97114	-32768	-32768	-32768	-32768
6,5	282,53046	-297,47327	-90,24123	101,35651	-32768	-32768	-32768	-32768
7	285,31491	-299,24277	-103,33964	105,25851	-32768	-32768	-32768	-32768
7,5	322,69717	-334,4581	-101,6545	118,49694	-32768	-32768	-32768	-32768
8	393,78381	-400,50873	-163,06886	178,71526	-32768	-32768	-32768	-32768
8,5	363,82895	-378,72345	-245,0289	255,42194	-32768	-32768	-32768	-32768
9	424,46423	-436,70364	-295,5484	295,9837	-32768	-32768	-32768	-32768
9,5	469,43314	-480,90811	-325,56149	321,22235	-32768	-32768	-32768	-32768
10	461,75565	-477,91595	-320,76743	323,448	-32768	-32768	-32768	-32768
10,5	447,89966	-460,01935	-327,69189	326,33102	-32768	-32768	-32768	-32768
11	496,18762	-506,27829	-351,10626	357,07614	-32768	-32768	-32768	-32768
11,5	621,61517	-636,37244	-274,72531	272,86688	-32768	-32768	-32768	-32768
12	627,33508	-646,37451	-271,06024	258,76889	-32768	-32768	-32768	-32768
12,5	614,08228	-629,44305	-258,35184	249,01376	-32768	-32768	-32768	-32768
13	585,89746	-595,37543	-232,05299	236,84311	-32768	-32768	-32768	-32768
13,5	609,90137	-620,13757	-224,02766	212,38963	-32768	-32768	-32768	-32768
