IN030	MCDONSLL							
18								
20.05.19	12:13							
IN030								
0	0							
0								
0	0							
-1	-1							
0	0							
20000								
0								
50								
50								
B								
2								
27								
0,5	-859,66418	848,39874	121,32269	-107,22588	-32768	-32768	-32768	-32768
1	-887,70056	838,91345	126,10316	-138,32133	-32768	-32768	-32768	-32768
1,5	-770,14722	771,70251	-88,14272	106,87232	-32768	-32768	-32768	-32768
2	-214,46776	206,43536	-94,21571	123,00577	-32768	-32768	-32768	-32768
2,5	93,72263	-109,16865	-59,21309	64,7626	-32768	-32768	-32768	-32768
3	129,66809	-141,80898	-82,40756	80,47899	-32768	-32768	-32768	-32768
3,5	135,1956	-151,9623	-84,33912	98,04862	-32768	-32768	-32768	-32768
4	137,03192	-151,70833	-79,87889	99,20778	-32768	-32768	-32768	-32768
4,5	140,65373	-159,12621	-86,93365	100,55956	-32768	-32768	-32768	-32768
5	192,67227	-211,38704	-117,65839	118,8852	-32768	-32768	-32768	-32768
5,5	279,13953	-296,10437	-138,84711	135,69774	-32768	-32768	-32768	-32768
6	260,51016	-274,93262	-97,87537	96,41934	-32768	-32768	-32768	-32768
6,5	279,69217	-297,27365	-91,60139	98,98412	-32768	-32768	-32768	-32768
7	283,15714	-298,66782	-100,90118	103,20504	-32768	-32768	-32768	-32768
7,5	319,06839	-335,22601	-112,85212	123,17139	-32768	-32768	-32768	-32768
8	391,91705	-400,68826	-167,89249	176,4879	-32768	-32768	-32768	-32768
8,5	361,9523	-378,9967	-252,56502	247,94957	-32768	-32768	-32768	-32768
9	421,18271	-437,84592	-301,28122	292,80969	-32768	-32768	-32768	-32768
9,5	465,33267	-482,4006	-325,97861	321,51541	-32768	-32768	-32768	-32768
10	459,23315	-479,95523	-325,83536	325,12735	-32768	-32768	-32768	-32768
10,5	444,11908	-459,85394	-328,12976	320,73727	-32768	-32768	-32768	-32768
11	495,31888	-507,88394	-349,86856	352,48846	-32768	-32768	-32768	-32768
11,5	619,79688	-637,2149	-278,51804	271,04367	-32768	-32768	-32768	-32768
12	626,42212	-647,51422	-271,92456	256,77328	-32768	-32768	-32768	-32768
12,5	616,53058	-629,4231	-250,05048	243,79196	-32768	-32768	-32768	-32768
13	583,7002	-593,66949	-232,88953	232,61272	-32768	-32768	-32768	-32768
13,5	610,49158	-620,24963	-212,66374	211,31464	-32768	-32768	-32768	-32768
