IN030 MCDONSLL
25
08.07.19 09:36
IN030
0.0 0.0
0.0
0.00 0.00
-1.00 -1.00
0.00 0.00
20000.00
0.0
50
50
B
2
27
0.5 -921.33771 867.38135 140.61057 -178.49541 -32768 -32768 -32768 -32768
1 -906.96692 835.69049 132.34337 -116.55440 -32768 -32768 -32768 -32768
1.5 -772.24103 775.52423 -112.68161 137.73878 -32768 -32768 -32768 -32768
2 -239.10368 208.12573 -105.55343 139.86873 -32768 -32768 -32768 -32768
2.5 69.54945 -102.11079 -57.99154 74.34776 -32768 -32768 -32768 -32768
3 104.55458 -134.27522 -75.80257 92.77986 -32768 -32768 -32768 -32768
3.5 113.40285 -142.55463 -82.32019 107.69934 -32768 -32768 -32768 -32768
4 116.55376 -147.20830 -83.45624 112.02722 -32768 -32768 -32768 -32768
4.5 125.39409 -156.44632 -82.83057 101.67780 -32768 -32768 -32768 -32768
5 192.23477 -224.91292 -103.13319 122.31532 -32768 -32768 -32768 -32768
5.5 296.03391 -325.48517 -104.01647 135.71875 -32768 -32768 -32768 -32768
6 274.43655 -304.50146 -83.87272 95.99667 -32768 -32768 -32768 -32768
6.5 290.64862 -323.88718 -84.94588 92.83652 -32768 -32768 -32768 -32768
7 289.25204 -320.63312 -80.31435 100.53120 -32768 -32768 -32768 -32768
7.5 325.16315 -356.22723 -96.18787 124.62908 -32768 -32768 -32768 -32768
8 393.30188 -421.73746 -159.25519 193.96967 -32768 -32768 -32768 -32768
8.5 367.32428 -397.00076 -243.58757 267.09842 -32768 -32768 -32768 -32768
9 423.71567 -454.39731 -292.98761 307.41339 -32768 -32768 -32768 -32768
9.5 466.91122 -497.43042 -323.07501 331.62207 -32768 -32768 -32768 -32768
10 457.13684 -493.05365 -319.70532 338.25238 -32768 -32768 -32768 -32768
10.5 442.54517 -474.21884 -323.70932 338.87640 -32768 -32768 -32768 -32768
11 490.11267 -524.88147 -346.16473 360.54117 -32768 -32768 -32768 -32768
11.5 615.50073 -648.19214 -267.66412 273.38123 -32768 -32768 -32768 -32768
12 618.66479 -655.07068 -263.69382 267.95999 -32768 -32768 -32768 -32768
12.5 604.14539 -634.32098 -246.55757 261.82388 -32768 -32768 -32768 -32768
13 567.34180 -594.94965 -225.66711 239.03305 -32768 -32768 -32768 -32768
13.5 599.57935 -626.59235 -208.84641 218.26036 -32768 -32768 -32768 -32768
