IN030 MCDONSLL
29
07.08.19 11:56
IN030
0.0 0.0
0.0
0.00 0.00
-1.00 -1.00
0.00 0.00
20000.00
0.0
50
50
B
2
27
0.5 -917.06604 836.33276 147.04057 -96.46104 -32768 -32768 -32768 -32768
1 -918.59778 836.40509 134.20030 -96.41862 -32768 -32768 -32768 -32768
1.5 -795.03174 775.75488 -134.18619 186.38266 -32768 -32768 -32768 -32768
2 -242.65776 206.63490 -97.48763 144.16147 -32768 -32768 -32768 -32768
2.5 58.12240 -92.69365 -51.05864 82.63419 -32768 -32768 -32768 -32768
3 91.25521 -123.85473 -67.96260 99.72299 -32768 -32768 -32768 -32768
3.5 98.96484 -131.93816 -79.32987 114.21569 -32768 -32768 -32768 -32768
4 101.47638 -132.72363 -82.42198 101.97314 -32768 -32768 -32768 -32768
4.5 109.69521 -143.32770 -86.34888 119.18710 -32768 -32768 -32768 -32768
5 176.14102 -211.84616 -112.40337 135.57314 -32768 -32768 -32768 -32768
5.5 275.74368 -311.34802 -119.44420 152.84618 -32768 -32768 -32768 -32768
6 258.77618 -292.81299 -81.81412 117.34806 -32768 -32768 -32768 -32768
6.5 279.52960 -317.84357 -77.58224 111.00842 -32768 -32768 -32768 -32768
7 292.95508 -326.80389 -73.48183 108.15369 -32768 -32768 -32768 -32768
7.5 342.68793 -378.26797 -88.01388 118.68732 -32768 -32768 -32768 -32768
8 421.70074 -449.70380 -139.77731 165.59047 -32768 -32768 -32768 -32768
8.5 397.55014 -437.32169 -215.77391 248.17162 -32768 -32768 -32768 -32768
9 465.69519 -498.65314 -263.96173 284.50909 -32768 -32768 -32768 -32768
9.5 503.22104 -539.59863 -293.43390 317.54239 -32768 -32768 -32768 -32768
10 479.68893 -514.06805 -296.03143 322.00659 -32768 -32768 -32768 -32768
10.5 450.77600 -485.43149 -313.32367 342.07770 -32768 -32768 -32768 -32768
11 497.35596 -531.00122 -336.98987 365.85092 -32768 -32768 -32768 -32768
11.5 612.87134 -649.62769 -278.98941 285.42999 -32768 -32768 -32768 -32768
12 614.97180 -653.14612 -266.37396 281.33307 -32768 -32768 -32768 -32768
12.5 600.98273 -633.46686 -241.06509 265.95325 -32768 -32768 -32768 -32768
13 559.65430 -590.90796 -225.88098 253.67152 -32768 -32768 -32768 -32768
13.5 594.47443 -627.06152 -196.24303 225.25389 -32768 -32768 -32768 -32768
