IN030	MCDONSLL							
13								
15.04.19	12:14							
IN030								
0	0							
0								
0	0							
-1	-1							
0	0							
20000								
0								
50								
50								
B								
2								
27								
0,5	-857,8869	845,40332	118,21368	-108,93159	-32768	-32768	-32768	-32768
1	-885,45044	844,25031	122,84898	-142,31139	-32768	-32768	-32768	-32768
1,5	-767,18073	814,12671	-163,20415	191,67671	-32768	-32768	-32768	-32768
2	-245,81586	219,51526	-123,45345	121,13863	-32768	-32768	-32768	-32768
2,5	89,88326	-106,4324	-58,36948	60,83929	-32768	-32768	-32768	-32768
3	127,62964	-140,2415	-82,29672	80,50493	-32768	-32768	-32768	-32768
3,5	136,69498	-151,68436	-87,85822	97,66958	-32768	-32768	-32768	-32768
4	140,58128	-151,10037	-89,0693	89,40285	-32768	-32768	-32768	-32768
4,5	145,02654	-159,6167	-93,61229	94,96567	-32768	-32768	-32768	-32768
5	195,38237	-209,23811	-113,69523	120,24412	-32768	-32768	-32768	-32768
5,5	282,99277	-296,69647	-150,97029	138,62341	-32768	-32768	-32768	-32768
6	263,20175	-276,06635	-97,43737	101,15315	-32768	-32768	-32768	-32768
6,5	282,6687	-298,5159	-102,11543	102,82043	-32768	-32768	-32768	-32768
7	285,8223	-300,70511	-101,68362	106,95639	-32768	-32768	-32768	-32768
7,5	322,14746	-335,21405	-108,32328	119,03032	-32768	-32768	-32768	-32768
8	393,27536	-401,38712	-163,64108	176,76135	-32768	-32768	-32768	-32768
8,5	361,40921	-378,91992	-245,57301	258,72595	-32768	-32768	-32768	-32768
9	421,20667	-435,82489	-299,93274	297,73035	-32768	-32768	-32768	-32768
9,5	467,13895	-480,93997	-323,68454	320,72232	-32768	-32768	-32768	-32768
10	461,35623	-479,14584	-326,16217	320,78949	-32768	-32768	-32768	-32768
10,5	446,38708	-461,03577	-329,83725	329,87115	-32768	-32768	-32768	-32768
11	494,3255	-507,73337	-351,38541	353,21121	-32768	-32768	-32768	-32768
11,5	619,26111	-636,02863	-280,75891	264,30301	-32768	-32768	-32768	-32768
12	625,90582	-646,32947	-277,27585	258,10535	-32768	-32768	-32768	-32768
12,5	616,15723	-629,37518	-257,71594	246,1001	-32768	-32768	-32768	-32768
13	589,21173	-598,73047	-234,98752	235,11699	-32768	-32768	-32768	-32768
13,5	612,25824	-620,56085	-212,63496	210,35454	-32768	-32768	-32768	-32768
