IN030 MCDONSLL
5
11.03.19 11:47
IN030
0.0 0.0
0.0
0.00 0.00
-1.00 -1.00
0.00 0.00
20000.00
0.0
50
50
B
2
27
0.5 -857.15369 846.10760 98.34966 -85.01451 -32768 -32768 -32768 -32768
1 -880.78345 871.94775 118.25478 -177.31833 -32768 -32768 -32768 -32768
1.5 -769.21338 768.69830 -117.69102 137.86215 -32768 -32768 -32768 -32768
2 -248.36845 232.23280 -133.58441 142.65985 -32768 -32768 -32768 -32768
2.5 91.60790 -101.55591 -64.58903 63.77361 -32768 -32768 -32768 -32768
3 125.66161 -134.65608 -81.59295 80.45295 -32768 -32768 -32768 -32768
3.5 134.88336 -145.92000 -82.27229 93.30488 -32768 -32768 -32768 -32768
4 139.11899 -149.85297 -87.54708 95.02862 -32768 -32768 -32768 -32768
4.5 142.97202 -154.76888 -90.30946 99.40533 -32768 -32768 -32768 -32768
5 196.69772 -207.01849 -110.19473 116.78547 -32768 -32768 -32768 -32768
5.5 284.78696 -295.42084 -137.40149 138.58537 -32768 -32768 -32768 -32768
6 261.72415 -270.07755 -107.75037 106.53989 -32768 -32768 -32768 -32768
6.5 281.87183 -291.60651 -96.02191 104.78821 -32768 -32768 -32768 -32768
7 286.50085 -296.74823 -106.24954 103.64616 -32768 -32768 -32768 -32768
7.5 320.17874 -331.19131 -102.84464 118.46879 -32768 -32768 -32768 -32768
8 394.63058 -401.73892 -156.85539 172.35049 -32768 -32768 -32768 -32768
8.5 360.84634 -375.49902 -240.03874 250.96722 -32768 -32768 -32768 -32768
9 418.79486 -429.10550 -292.73956 285.37366 -32768 -32768 -32768 -32768
9.5 467.62686 -478.53235 -319.14059 317.96002 -32768 -32768 -32768 -32768
10 463.72525 -476.83585 -318.21838 320.52774 -32768 -32768 -32768 -32768
10.5 448.36343 -457.39182 -322.36520 327.36270 -32768 -32768 -32768 -32768
11 491.60510 -502.47815 -347.59909 355.49066 -32768 -32768 -32768 -32768
11.5 619.78473 -630.25586 -269.42825 270.72864 -32768 -32768 -32768 -32768
12 627.65283 -640.41376 -269.39322 262.35309 -32768 -32768 -32768 -32768
12.5 647.26776 -628.57312 -228.68933 249.45355 -32768 -32768 -32768 -32768
13 598.40680 -604.29889 -245.74440 232.88872 -32768 -32768 -32768 -32768
13.5 614.10791 -622.14264 -207.02739 206.88974 -32768 -32768 -32768 -32768
