IN030 MCDONSLL
22
17.06.19 10:47
IN030
0.0 0.0
0.0
0.00 0.00
-1.00 -1.00
0.00 0.00
20000.00
0.0
50
50
B
2
27
0.5 -873.97021 849.79956 146.69289 -146.73523 -32768 -32768 -32768 -32768
1 -901.05737 838.60840 123.66113 -101.18319 -32768 -32768 -32768 -32768
1.5 -786.60443 843.94391 -69.42618 133.95146 -32768 -32768 -32768 -32768
2 -241.66443 210.51418 -107.48960 145.86147 -32768 -32768 -32768 -32768
2.5 73.49251 -100.97424 -44.54587 78.67926 -32768 -32768 -32768 -32768
3 109.38798 -134.14580 -64.90038 97.23774 -32768 -32768 -32768 -32768
3.5 115.98672 -143.36705 -73.68243 110.27109 -32768 -32768 -32768 -32768
4 119.47124 -146.13860 -71.54065 106.38093 -32768 -32768 -32768 -32768
4.5 130.02205 -156.04526 -67.69093 119.43592 -32768 -32768 -32768 -32768
5 191.39711 -219.56386 -103.76453 129.46143 -32768 -32768 -32768 -32768
5.5 293.99628 -321.71329 -114.15323 140.43324 -32768 -32768 -32768 -32768
6 277.51480 -303.94888 -72.84626 107.31267 -32768 -32768 -32768 -32768
6.5 295.76498 -324.28482 -68.05515 100.26872 -32768 -32768 -32768 -32768
7 293.02673 -320.86615 -71.06013 113.57471 -32768 -32768 -32768 -32768
7.5 326.85846 -353.68405 -88.11806 140.06363 -32768 -32768 -32768 -32768
8 395.56281 -417.33698 -149.68520 206.44011 -32768 -32768 -32768 -32768
8.5 365.30386 -393.97217 -235.48015 272.28867 -32768 -32768 -32768 -32768
9 424.13541 -449.68359 -284.28674 305.49384 -32768 -32768 -32768 -32768
9.5 469.94171 -491.98331 -309.70453 334.57513 -32768 -32768 -32768 -32768
10 464.46118 -488.26398 -298.17999 340.02408 -32768 -32768 -32768 -32768
10.5 445.03036 -469.36288 -314.37955 336.32632 -32768 -32768 -32768 -32768
11 492.41122 -516.99829 -345.12735 373.64865 -32768 -32768 -32768 -32768
11.5 617.73633 -645.70142 -266.46759 277.59949 -32768 -32768 -32768 -32768
12 623.78015 -653.74255 -255.15077 273.90610 -32768 -32768 -32768 -32768
12.5 609.94653 -632.96661 -234.77368 267.31088 -32768 -32768 -32768 -32768
13 574.48676 -594.22711 -222.00154 242.93628 -32768 -32768 -32768 -32768
13.5 603.15277 -624.60760 -208.27586 223.39937 -32768 -32768 -32768 -32768
