IN030 MCDONSLL
33
26.08.19 10:12
IN030
0.0 0.0
0.0
0.00 0.00
-1.00 -1.00
0.00 0.00
20000.00
0.0
50
50
B
2
27
0.5 -921.38739 832.30524 130.01009 -145.20424 -32768 -32768 -32768 -32768
1 -921.01349 832.36121 129.90477 -145.06136 -32768 -32768 -32768 -32768
1.5 -798.61487 850.95850 -93.09154 148.02634 -32768 -32768 -32768 -32768
2 -248.73836 203.60008 -114.11208 146.60158 -32768 -32768 -32768 -32768
2.5 57.59475 -95.81051 -53.68082 85.67250 -32768 -32768 -32768 -32768
3 91.65569 -126.46709 -78.13210 101.82658 -32768 -32768 -32768 -32768
3.5 97.54671 -134.10739 -84.25017 114.71073 -32768 -32768 -32768 -32768
4 101.11799 -135.54008 -80.23764 116.57305 -32768 -32768 -32768 -32768
4.5 107.81799 -142.94736 -83.71273 114.60058 -32768 -32768 -32768 -32768
5 174.36493 -213.47522 -110.56555 123.97538 -32768 -32768 -32768 -32768
5.5 275.89737 -310.99615 -121.40176 151.40327 -32768 -32768 -32768 -32768
6 259.22025 -293.70334 -82.99305 109.04958 -32768 -32768 -32768 -32768
6.5 281.88507 -319.01483 -74.78449 108.89943 -32768 -32768 -32768 -32768
7 293.29007 -329.15558 -78.49529 103.20756 -32768 -32768 -32768 -32768
7.5 342.51614 -380.00931 -86.36942 113.69617 -32768 -32768 -32768 -32768
8 422.49179 -454.29959 -137.69359 173.15157 -32768 -32768 -32768 -32768
8.5 397.38986 -436.82825 -217.57108 239.44350 -32768 -32768 -32768 -32768
9 465.70404 -499.86554 -266.52939 284.42554 -32768 -32768 -32768 -32768
9.5 503.93723 -539.74371 -294.21658 312.49918 -32768 -32768 -32768 -32768
10 478.66681 -518.18530 -295.47604 329.99542 -32768 -32768 -32768 -32768
10.5 450.29587 -489.15173 -313.09976 340.61588 -32768 -32768 -32768 -32768
11 497.68842 -531.88666 -340.61148 369.63303 -32768 -32768 -32768 -32768
11.5 615.24591 -648.23077 -260.36639 284.62070 -32768 -32768 -32768 -32768
12 615.46234 -654.08154 -261.23651 280.33121 -32768 -32768 -32768 -32768
12.5 598.59949 -634.36829 -248.78825 267.93930 -32768 -32768 -32768 -32768
13 560.36359 -590.35437 -232.46724 246.69191 -32768 -32768 -32768 -32768
13.5 594.66290 -625.89825 -204.70589 223.57117 -32768 -32768 -32768 -32768
