IN030 MCDONSLL
11
04.04.19 14:19
IN030
0.0 0.0
0.0
0.00 0.00
-1.00 -1.00
0.00 0.00
20000.00
0.0
50
50
B
2
27
0.5 -857.56927 839.88257 143.51111 -140.25708 -32768 -32768 -32768 -32768
1 -887.98578 839.18884 137.53073 -164.81622 -32768 -32768 -32768 -32768
1.5 -766.79218 782.21515 -123.59594 183.46674 -32768 -32768 -32768 -32768
2 -234.25084 222.62556 -102.57513 119.21238 -32768 -32768 -32768 -32768
2.5 91.46877 -104.81536 -60.67861 62.64681 -32768 -32768 -32768 -32768
3 126.69638 -137.33266 -83.48933 77.18462 -32768 -32768 -32768 -32768
3.5 135.91341 -148.65637 -85.94889 96.50293 -32768 -32768 -32768 -32768
4 139.14758 -151.07512 -88.00685 96.62505 -32768 -32768 -32768 -32768
4.5 144.37015 -158.67798 -93.65265 99.65459 -32768 -32768 -32768 -32768
5 198.24026 -212.72508 -115.21726 112.01868 -32768 -32768 -32768 -32768
5.5 284.09332 -296.22177 -126.76003 142.12082 -32768 -32768 -32768 -32768
6 265.83719 -275.76443 -91.25356 103.67854 -32768 -32768 -32768 -32768
6.5 285.63806 -296.43008 -93.28574 103.19992 -32768 -32768 -32768 -32768
7 288.39090 -300.26956 -95.07640 107.24158 -32768 -32768 -32768 -32768
7.5 323.02975 -335.17923 -103.48281 114.48032 -32768 -32768 -32768 -32768
8 395.19522 -402.20441 -164.91609 178.46063 -32768 -32768 -32768 -32768
8.5 365.11765 -377.73526 -249.95078 254.48734 -32768 -32768 -32768 -32768
9 423.78659 -434.83133 -302.19098 294.48853 -32768 -32768 -32768 -32768
9.5 469.60229 -479.62878 -327.39624 320.09244 -32768 -32768 -32768 -32768
10 465.52924 -478.81781 -320.81018 319.40302 -32768 -32768 -32768 -32768
10.5 449.73352 -461.45154 -331.70923 327.70871 -32768 -32768 -32768 -32768
11 496.70328 -508.67752 -349.50430 352.46414 -32768 -32768 -32768 -32768
11.5 622.50598 -636.11688 -269.25919 266.66583 -32768 -32768 -32768 -32768
12 627.47327 -645.91510 -274.12625 259.46210 -32768 -32768 -32768 -32768
12.5 618.30872 -630.44293 -258.48685 243.57982 -32768 -32768 -32768 -32768
13 592.43634 -600.69891 -237.26685 234.02397 -32768 -32768 -32768 -32768
13.5 574.96216 -620.86304 -261.20486 205.68671 -32768 -32768 -32768 -32768
