IN030 MCDONSLL
28
29.07.19 08:32
IN030
0.0 0.0
0.0
0.00 0.00
-1.00 -1.00
0.00 0.00
20000.00
0.0
50
50
B
2
27
0.5 -912.95752 853.53278 149.88556 -153.56435 -32768 -32768 -32768 -32768
1 -927.34979 835.45404 146.88007 -136.60524 -32768 -32768 -32768 -32768
1.5 -797.83990 818.30988 -76.00703 214.52968 -32768 -32768 -32768 -32768
2 -248.29689 207.88557 -121.60667 132.81284 -32768 -32768 -32768 -32768
2.5 58.14596 -92.50380 -53.91733 81.57448 -32768 -32768 -32768 -32768
3 91.96594 -123.05942 -73.83608 90.13924 -32768 -32768 -32768 -32768
3.5 98.87827 -130.90346 -81.49203 99.55655 -32768 -32768 -32768 -32768
4 102.35251 -133.16684 -82.46955 101.50194 -32768 -32768 -32768 -32768
4.5 108.87878 -141.10332 -86.71765 102.80419 -32768 -32768 -32768 -32768
5 174.42740 -210.78711 -98.31783 127.69022 -32768 -32768 -32768 -32768
5.5 278.14853 -309.92026 -138.70798 155.25198 -32768 -32768 -32768 -32768
6 258.82178 -288.61154 -99.28188 112.36955 -32768 -32768 -32768 -32768
6.5 283.14069 -316.81573 -92.43751 111.70438 -32768 -32768 -32768 -32768
7 294.37888 -326.99750 -93.23813 111.27629 -32768 -32768 -32768 -32768
7.5 345.07700 -377.94464 -102.22555 121.28448 -32768 -32768 -32768 -32768
8 422.97644 -451.35806 -141.99660 170.55737 -32768 -32768 -32768 -32768
8.5 396.21033 -432.73752 -217.01030 235.23325 -32768 -32768 -32768 -32768
9 464.60800 -496.92575 -269.20544 285.18216 -32768 -32768 -32768 -32768
9.5 502.43796 -537.17798 -300.49637 313.96848 -32768 -32768 -32768 -32768
10 477.95840 -515.16064 -299.07697 316.06387 -32768 -32768 -32768 -32768
10.5 448.34576 -480.69952 -316.99066 333.76935 -32768 -32768 -32768 -32768
11 491.32016 -524.36444 -346.69553 361.25372 -32768 -32768 -32768 -32768
11.5 612.14014 -645.38184 -275.37793 284.03745 -32768 -32768 -32768 -32768
12 613.72809 -650.98676 -261.90167 278.02420 -32768 -32768 -32768 -32768
12.5 597.27893 -630.83588 -253.42897 262.89377 -32768 -32768 -32768 -32768
13 562.19409 -591.27106 -235.86971 243.14667 -32768 -32768 -32768 -32768
13.5 595.68060 -626.44281 -202.81552 219.17467 -32768 -32768 -32768 -32768
