IN030	MCDONSLL							
24								
01.07.19	10:49							
IN030								
0	0							
0								
0	0							
-1	-1							
0	0							
20000								
0								
50								
50								
B								
2								
27								
0,5	-900,90277	856,59119	130,58888	-97,94704	-32768	-32768	-32768	-32768
1	-906,6618	843,9765	143,97563	-105,00528	-32768	-32768	-32768	-32768
1,5	-781,30341	815,33942	-173,56209	201,89143	-32768	-32768	-32768	-32768
2	-247,92432	210,17781	-112,16924	141,9592	-32768	-32768	-32768	-32768
2,5	70,41183	-100,63215	-54,72588	71,456	-32768	-32768	-32768	-32768
3	105,67654	-134,20938	-78,4352	92,62019	-32768	-32768	-32768	-32768
3,5	113,76579	-142,69023	-83,66879	105,2789	-32768	-32768	-32768	-32768
4	118,76783	-146,2774	-81,243	105,00048	-32768	-32768	-32768	-32768
4,5	128,05495	-157,10823	-81,7715	101,6499	-32768	-32768	-32768	-32768
5	193,73802	-225,70157	-103,75267	122,61929	-32768	-32768	-32768	-32768
5,5	295,62378	-324,87393	-108,25936	132,4736	-32768	-32768	-32768	-32768
6	275,77139	-305,22684	-82,20055	103,42448	-32768	-32768	-32768	-32768
6,5	292,4689	-324,43729	-72,3542	98,25594	-32768	-32768	-32768	-32768
7	289,99969	-320,10593	-79,41302	102,74593	-32768	-32768	-32768	-32768
7,5	323,15366	-355,00674	-97,4292	123,69659	-32768	-32768	-32768	-32768
8	392,67105	-417,93964	-157,56412	184,27188	-32768	-32768	-32768	-32768
8,5	362,12268	-395,51367	-237,6714	266,63715	-32768	-32768	-32768	-32768
9	421,64087	-452,29282	-293,20715	302,89246	-32768	-32768	-32768	-32768
9,5	466,70148	-495,52637	-320,24606	329,03909	-32768	-32768	-32768	-32768
10	457,23114	-492,0191	-313,35593	339,3219	-32768	-32768	-32768	-32768
10,5	445,95819	-472,4617	-315,7301	336,1203	-32768	-32768	-32768	-32768
11	491,16165	-524,85248	-342,85611	370,91837	-32768	-32768	-32768	-32768
11,5	615,21527	-647,33618	-272,2616	272,56262	-32768	-32768	-32768	-32768
12	619,82684	-654,75775	-260,13397	270,45905	-32768	-32768	-32768	-32768
12,5	605,40637	-635,70551	-240,68129	256,14792	-32768	-32768	-32768	-32768
13	570,25427	-595,35602	-223,60165	242,12549	-32768	-32768	-32768	-32768
13,5	600,68127	-626,66461	-205,47548	222,32884	-32768	-32768	-32768	-32768
