IN030	MCDONSLL							
21								
10.06.19	14:19							
IN030								
0	0							
0								
0	0							
-1	-1							
0	0							
20000								
0								
50								
50								
B								
2								
27								
0,5	-907,52277	824,505	146,67111	-176,67778	-32768	-32768	-32768	-32768
1	-920,71466	829,78644	151,32787	-163,01656	-32768	-32768	-32768	-32768
1,5	-735,03119	815,51605	-145,79645	210,91528	-32768	-32768	-32768	-32768
2	-233,89345	202,71667	-107,93458	137,90947	-32768	-32768	-32768	-32768
2,5	72,74002	-101,47725	-47,69118	71,66692	-32768	-32768	-32768	-32768
3	109,83165	-134,9119	-66,35479	94,67898	-32768	-32768	-32768	-32768
3,5	116,08072	-143,51128	-68,22858	111,01423	-32768	-32768	-32768	-32768
4	119,82495	-146,65695	-78,03024	117,05345	-32768	-32768	-32768	-32768
4,5	126,78487	-154,90353	-84,37466	106,17789	-32768	-32768	-32768	-32768
5	189,43172	-221,36554	-105,2886	129,28044	-32768	-32768	-32768	-32768
5,5	290,43289	-318,11926	-114,19772	144,25688	-32768	-32768	-32768	-32768
6	274,98758	-298,81494	-81,40624	101,38276	-32768	-32768	-32768	-32768
6,5	294,40378	-322,20605	-83,73087	101,88929	-32768	-32768	-32768	-32768
7	293,24127	-318,78262	-80,44811	107,92259	-32768	-32768	-32768	-32768
7,5	326,93597	-353,99722	-95,90018	135,54465	-32768	-32768	-32768	-32768
8	395,6586	-417,25211	-155,44865	204,61235	-32768	-32768	-32768	-32768
8,5	363,77377	-391,35034	-235,67172	266,3909	-32768	-32768	-32768	-32768
9	423,65234	-449,88062	-285,37759	309,94461	-32768	-32768	-32768	-32768
9,5	464,23367	-491,40115	-316,21024	331,52878	-32768	-32768	-32768	-32768
10	459,55554	-486,95016	-303,71213	333,94971	-32768	-32768	-32768	-32768
10,5	441,54193	-468,48486	-316,0907	337,42261	-32768	-32768	-32768	-32768
11	491,69693	-521,41296	-338,88257	371,3692	-32768	-32768	-32768	-32768
11,5	618,02283	-645,67981	-250,58427	280,97662	-32768	-32768	-32768	-32768
12	621,4068	-653,34827	-261,13519	274,73779	-32768	-32768	-32768	-32768
12,5	608,62115	-633,23254	-243,16342	264,55124	-32768	-32768	-32768	-32768
13	575,82953	-596,09003	-221,09503	248,49399	-32768	-32768	-32768	-32768
13,5	604,34888	-626,54517	-205,69574	221,56445	-32768	-32768	-32768	-32768
