IN030 MCDONSLL
23
24.06.19 14:36
IN030
0.0 0.0
0.0
0.00 0.00
-1.00 -1.00
0.00 0.00
20000.00
0.0
50
50
B
2
27
0.5 -924.50482 828.10120 150.70276 -192.51770 -32768 -32768 -32768 -32768
1 -922.16254 833.17206 152.86536 -103.54520 -32768 -32768 -32768 -32768
1.5 -764.48425 815.64606 -87.38526 206.97408 -32768 -32768 -32768 -32768
2 -221.93494 201.28096 -87.39715 141.88693 -32768 -32768 -32768 -32768
2.5 72.92181 -100.61804 -49.82716 80.76933 -32768 -32768 -32768 -32768
3 108.87881 -131.85706 -70.68390 85.90931 -32768 -32768 -32768 -32768
3.5 115.81531 -142.16183 -78.51722 107.92543 -32768 -32768 -32768 -32768
4 121.23792 -146.70842 -80.58372 117.25775 -32768 -32768 -32768 -32768
4.5 129.87752 -156.73332 -84.88734 112.67603 -32768 -32768 -32768 -32768
5 195.46619 -225.48132 -101.99725 120.57410 -32768 -32768 -32768 -32768
5.5 295.22879 -323.71844 -122.95866 145.90981 -32768 -32768 -32768 -32768
6 278.11639 -304.66693 -80.64831 107.03593 -32768 -32768 -32768 -32768
6.5 295.69385 -322.75397 -66.65034 102.09315 -32768 -32768 -32768 -32768
7 291.86661 -318.90649 -79.38907 109.33147 -32768 -32768 -32768 -32768
7.5 326.59882 -352.31955 -84.07510 127.49456 -32768 -32768 -32768 -32768
8 396.05908 -416.19797 -155.27090 198.62810 -32768 -32768 -32768 -32768
8.5 365.06461 -393.38226 -239.55995 269.83298 -32768 -32768 -32768 -32768
9 424.67529 -449.90439 -285.40448 306.35712 -32768 -32768 -32768 -32768
9.5 466.67673 -492.64819 -319.73743 332.26944 -32768 -32768 -32768 -32768
10 459.55630 -488.56885 -306.25839 343.03687 -32768 -32768 -32768 -32768
10.5 442.41476 -470.04172 -316.35303 339.68448 -32768 -32768 -32768 -32768
11 494.50168 -520.89178 -339.20300 363.54251 -32768 -32768 -32768 -32768
11.5 615.92346 -645.42749 -274.75510 280.56656 -32768 -32768 -32768 -32768
12 620.21985 -653.80768 -264.56070 276.59082 -32768 -32768 -32768 -32768
12.5 607.24182 -634.34491 -242.21657 266.55029 -32768 -32768 -32768 -32768
13 572.95709 -594.18506 -222.58418 246.28423 -32768 -32768 -32768 -32768
13.5 604.19885 -626.30939 -205.86433 224.65688 -32768 -32768 -32768 -32768
