IN030 MCDONSLL
14
22.04.19 12:42
IN030
0.0 0.0
0.0
0.00 0.00
-1.00 -1.00
0.00 0.00
20000.00
0.0
50
50
B
2
27
0.5 -858.26740 847.11731 125.28349 -125.41540 -32768 -32768 -32768 -32768
1 -885.75085 839.50378 121.89390 -110.44611 -32768 -32768 -32768 -32768
1.5 -770.91656 815.20190 -89.26013 190.90131 -32768 -32768 -32768 -32768
2 -243.12222 218.45134 -119.74580 126.31779 -32768 -32768 -32768 -32768
2.5 89.61816 -106.84946 -60.46692 65.23018 -32768 -32768 -32768 -32768
3 128.09671 -141.40271 -82.56760 81.77990 -32768 -32768 -32768 -32768
3.5 137.38492 -152.11867 -90.13293 99.34670 -32768 -32768 -32768 -32768
4 140.41476 -154.39664 -90.76085 97.62051 -32768 -32768 -32768 -32768
4.5 143.58121 -160.59972 -90.99311 103.64484 -32768 -32768 -32768 -32768
5 198.55315 -212.09413 -109.85500 113.73087 -32768 -32768 -32768 -32768
5.5 281.30688 -295.86777 -131.44884 144.77467 -32768 -32768 -32768 -32768
6 262.89160 -275.63651 -101.29573 103.48342 -32768 -32768 -32768 -32768
6.5 282.64423 -297.52527 -107.42579 102.68528 -32768 -32768 -32768 -32768
7 285.39041 -299.26630 -100.64764 104.93277 -32768 -32768 -32768 -32768
7.5 320.33865 -336.68912 -110.74671 131.79836 -32768 -32768 -32768 -32768
8 393.63455 -403.12231 -164.00499 182.07204 -32768 -32768 -32768 -32768
8.5 362.35861 -378.71994 -242.37996 258.95462 -32768 -32768 -32768 -32768
9 422.32770 -436.21210 -299.63660 299.85904 -32768 -32768 -32768 -32768
9.5 466.48114 -481.07553 -321.64417 322.42267 -32768 -32768 -32768 -32768
10 462.64526 -478.96118 -322.70920 322.64368 -32768 -32768 -32768 -32768
10.5 446.70016 -460.90500 -328.10568 331.74615 -32768 -32768 -32768 -32768
11 494.79526 -509.93347 -351.46240 362.14902 -32768 -32768 -32768 -32768
11.5 620.98523 -633.90417 -278.95361 276.69781 -32768 -32768 -32768 -32768
12 627.07251 -646.79218 -272.75885 259.67606 -32768 -32768 -32768 -32768
12.5 614.81183 -630.78381 -267.05374 244.94348 -32768 -32768 -32768 -32768
13 588.59290 -597.79083 -232.43451 235.37306 -32768 -32768 -32768 -32768
13.5 612.42285 -621.14624 -208.87492 208.09648 -32768 -32768 -32768 -32768
