IN030 MCDONSLL
31
19.08.19 08:12
IN030
0.0 0.0
0.0
0.00 0.00
-1.00 -1.00
0.00 0.00
20000.00
0.0
50
50
B
2
27
0.5 -921.06348 854.32690 169.16936 -190.79764 -32768 -32768 -32768 -32768
1 -920.07898 835.99084 152.66762 -106.48792 -32768 -32768 -32768 -32768
1.5 -742.91577 775.93573 -169.75688 150.39629 -32768 -32768 -32768 -32768
2 -246.88110 201.87288 -118.59561 145.87878 -32768 -32768 -32768 -32768
2.5 57.56289 -93.13266 -51.01369 81.33710 -32768 -32768 -32768 -32768
3 90.83131 -126.48051 -70.02330 107.51501 -32768 -32768 -32768 -32768
3.5 97.31523 -130.98227 -78.04786 103.01926 -32768 -32768 -32768 -32768
4 101.23499 -134.04012 -79.02077 109.55771 -32768 -32768 -32768 -32768
4.5 109.27200 -142.54457 -85.00476 112.75681 -32768 -32768 -32768 -32768
5 180.24562 -215.48573 -105.84338 131.88385 -32768 -32768 -32768 -32768
5.5 277.87668 -312.37311 -131.44261 156.80286 -32768 -32768 -32768 -32768
6 259.37262 -291.53439 -84.44032 116.20253 -32768 -32768 -32768 -32768
6.5 282.09561 -318.30780 -91.10413 113.42513 -32768 -32768 -32768 -32768
7 292.57932 -327.83994 -80.00654 113.67870 -32768 -32768 -32768 -32768
7.5 343.12851 -379.92920 -92.23119 117.54784 -32768 -32768 -32768 -32768
8 421.32703 -450.00375 -138.75500 163.88254 -32768 -32768 -32768 -32768
8.5 397.68134 -435.79358 -212.58382 241.12158 -32768 -32768 -32768 -32768
9 465.95029 -500.68201 -261.23383 283.03275 -32768 -32768 -32768 -32768
9.5 504.48944 -536.71655 -290.60068 312.67120 -32768 -32768 -32768 -32768
10 480.79688 -516.88843 -291.43524 318.63165 -32768 -32768 -32768 -32768
10.5 450.66260 -484.31567 -308.50967 336.16940 -32768 -32768 -32768 -32768
11 498.83798 -532.48340 -338.93546 365.34854 -32768 -32768 -32768 -32768
11.5 614.48334 -650.51691 -266.40991 282.62823 -32768 -32768 -32768 -32768
12 615.61456 -654.61115 -264.74240 281.97342 -32768 -32768 -32768 -32768
12.5 599.30109 -634.06067 -251.63991 265.71768 -32768 -32768 -32768 -32768
13 558.89368 -591.25250 -239.56992 248.68147 -32768 -32768 -32768 -32768
13.5 595.49127 -627.50934 -198.81946 223.81662 -32768 -32768 -32768 -32768
