IN030	MCDONSLL							
6								
19.03.19	14:49							
IN030								
0	0							
0								
0	0							
-1	-1							
0	0							
20000								
0								
50								
50								
B								
2								
27								
0,5	-860,52258	847,19226	181,54471	-190,94722	-32768	-32768	-32768	-32768
1	-888,71844	827,07837	145,17145	-196,34975	-32768	-32768	-32768	-32768
1,5	-765,01727	770,95728	-149,18033	126,03613	-32768	-32768	-32768	-32768
2	-230,88277	220,42371	-116,80159	135,29457	-32768	-32768	-32768	-32768
2,5	89,98686	-102,07257	-56,27866	64,21397	-32768	-32768	-32768	-32768
3	124,39298	-133,86238	-77,01392	85,43853	-32768	-32768	-32768	-32768
3,5	132,82359	-145,09772	-85,6021	87,47974	-32768	-32768	-32768	-32768
4	137,71346	-147,81915	-87,73571	95,78162	-32768	-32768	-32768	-32768
4,5	141,91141	-156,29568	-92,09551	98,35223	-32768	-32768	-32768	-32768
5	198,32533	-213,30754	-112,93925	112,52724	-32768	-32768	-32768	-32768
5,5	283,91086	-295,41116	-139,52591	136,6532	-32768	-32768	-32768	-32768
6	262,099	-273,21204	-106,24557	100,02242	-32768	-32768	-32768	-32768
6,5	280,97116	-294,10941	-90,42063	101,29435	-32768	-32768	-32768	-32768
7	287,46667	-297,2471	-107,10841	97,78769	-32768	-32768	-32768	-32768
7,5	321,47107	-331,9274	-106,2185	117,66125	-32768	-32768	-32768	-32768
8	394,29025	-403,61264	-161,75017	188,24867	-32768	-32768	-32768	-32768
8,5	361,35721	-375,74014	-243,04085	250,69403	-32768	-32768	-32768	-32768
9	419,23917	-432,336	-295,15927	289,70233	-32768	-32768	-32768	-32768
9,5	464,58521	-476,24863	-319,97372	310,60327	-32768	-32768	-32768	-32768
10	464,27023	-478,78586	-318,08975	328,04187	-32768	-32768	-32768	-32768
10,5	446,55099	-456,18936	-324,05167	327,3783	-32768	-32768	-32768	-32768
11	492,21353	-508,08777	-341,0311	355,35764	-32768	-32768	-32768	-32768
11,5	623,22723	-632,27704	-257,07999	268,22961	-32768	-32768	-32768	-32768
12	627,04138	-644,77643	-270,67709	258,68784	-32768	-32768	-32768	-32768
12,5	620,81549	-630,7403	-242,69925	242,79884	-32768	-32768	-32768	-32768
13	595,57599	-603,64667	-218,94351	230,82773	-32768	-32768	-32768	-32768
13,5	614,14709	-622,48511	-195,7726	205,44643	-32768	-32768	-32768	-32768
