IN030	MCDONSLL							
20								
03.06.19	11:25							
IN030								
0	0							
0								
0	0							
-1	-1							
0	0							
20000								
0								
50								
50								
B								
2								
27								
0,5	-864,19397	849,06287	133,59654	-138,57718	-32768	-32768	-32768	-32768
1	-890,61591	876,27045	125,62655	-178,89276	-32768	-32768	-32768	-32768
1,5	-771,91028	783,28766	-144,6842	112,67269	-32768	-32768	-32768	-32768
2	-229,41209	207,70181	-119,53749	133,37872	-32768	-32768	-32768	-32768
2,5	88,07771	-102,37659	-63,73663	63,03154	-32768	-32768	-32768	-32768
3	121,17406	-136,35548	-86,36332	84,46339	-32768	-32768	-32768	-32768
3,5	129,0213	-145,85699	-88,6909	97,59455	-32768	-32768	-32768	-32768
4	131,25354	-147,92023	-88,11344	97,47369	-32768	-32768	-32768	-32768
4,5	138,64236	-156,937	-96,98907	100,69607	-32768	-32768	-32768	-32768
5	194,36797	-213,89044	-121,19743	114,46008	-32768	-32768	-32768	-32768
5,5	286,90378	-304,89471	-129,79599	137,67218	-32768	-32768	-32768	-32768
6	270,89087	-286,24908	-99,33152	94,89722	-32768	-32768	-32768	-32768
6,5	290,62653	-308,9436	-97,09461	94,10682	-32768	-32768	-32768	-32768
7	290,94879	-306,9505	-93,72974	98,17831	-32768	-32768	-32768	-32768
7,5	324,19604	-340,39505	-108,85589	114,61933	-32768	-32768	-32768	-32768
8	394,27481	-404,57465	-163,9041	178,71648	-32768	-32768	-32768	-32768
8,5	363,43295	-381,37134	-245,57216	249,80504	-32768	-32768	-32768	-32768
9	422,24646	-440,40155	-303,15143	297,68185	-32768	-32768	-32768	-32768
9,5	464,9682	-483,41449	-328,94138	322,30896	-32768	-32768	-32768	-32768
10	461,75793	-479,62277	-317,56625	322,60162	-32768	-32768	-32768	-32768
10,5	444,39386	-462,09567	-330,33118	327,84409	-32768	-32768	-32768	-32768
11	502,56375	-509,99686	-342,16302	350,46997	-32768	-32768	-32768	-32768
11,5	621,45349	-638,39801	-280,78552	267,44443	-32768	-32768	-32768	-32768
12	627,44952	-648,53674	-266,4787	261,03284	-32768	-32768	-32768	-32768
12,5	613,11395	-629,81995	-252,94023	249,29231	-32768	-32768	-32768	-32768
13	582,12909	-592,87372	-232,50999	234,22113	-32768	-32768	-32768	-32768
13,5	608,67651	-619,9538	-214,95482	211,9122	-32768	-32768	-32768	-32768
