IN030	MCDONSLL							
12								
08.04.19	14:50							
IN030								
0	0							
0								
0	0							
-1	-1							
0	0							
20000								
0								
50								
50								
B								
2								
27								
0,5	-860,41742	847,06403	110,46233	-148,84969	-32768	-32768	-32768	-32768
1	-889,57074	875,83917	149,11844	-116,82697	-32768	-32768	-32768	-32768
1,5	-769,56799	765,69891	-132,29439	196,94946	-32768	-32768	-32768	-32768
2	-244,08372	225,23787	-111,48969	113,34028	-32768	-32768	-32768	-32768
2,5	89,86211	-104,84808	-59,37878	63,68905	-32768	-32768	-32768	-32768
3	126,19722	-138,15468	-80,74667	81,41767	-32768	-32768	-32768	-32768
3,5	135,39784	-148,69505	-86,07076	88,69084	-32768	-32768	-32768	-32768
4	139,14081	-150,09793	-84,63685	94,34036	-32768	-32768	-32768	-32768
4,5	143,98265	-158,87106	-89,65059	94,64014	-32768	-32768	-32768	-32768
5	192,26579	-211,99843	-115,58702	112,84102	-32768	-32768	-32768	-32768
5,5	283,2478	-298,20425	-137,58717	138,56305	-32768	-32768	-32768	-32768
6	264,08444	-275,27957	-105,2526	107,98688	-32768	-32768	-32768	-32768
6,5	281,94885	-298,05881	-100,81558	100,78951	-32768	-32768	-32768	-32768
7	286,35074	-300,25143	-104,17289	103,46948	-32768	-32768	-32768	-32768
7,5	321,28748	-334,19504	-110,59123	117,96842	-32768	-32768	-32768	-32768
8	393,8334	-401,75449	-160,72569	174,41621	-32768	-32768	-32768	-32768
8,5	363,39639	-377,91364	-249,95079	253,82634	-32768	-32768	-32768	-32768
9	420,59277	-434,9606	-299,94363	295,60336	-32768	-32768	-32768	-32768
9,5	467,98853	-479,95319	-322,42599	323,48383	-32768	-32768	-32768	-32768
10	461,83246	-477,91724	-324,3645	327,17313	-32768	-32768	-32768	-32768
10,5	447,15491	-459,44073	-326,45819	326,29135	-32768	-32768	-32768	-32768
11	492,5795	-507,02921	-352,49173	357,80237	-32768	-32768	-32768	-32768
11,5	618,90869	-635,49976	-282,20981	265,43967	-32768	-32768	-32768	-32768
12	627,29382	-645,71747	-271,18842	259,34772	-32768	-32768	-32768	-32768
12,5	616,4599	-628,34735	-260,22482	249,00352	-32768	-32768	-32768	-32768
13	589,86438	-600,33447	-241,5267	236,38661	-32768	-32768	-32768	-32768
13,5	610,89398	-621,34204	-208,01027	210,62975	-32768	-32768	-32768	-32768
