IN030 MCDONSLL
32
26.08.19 09:59
IN030
0.0 0.0
0.0
0.00 0.00
-1.00 -1.00
0.00 0.00
20000.00
0.0
50
50
B
2
27
0.5 -890.81763 856.39581 159.16800 -105.20829 -32768 -32768 -32768 -32768
1 -890.84125 856.50287 159.18228 -105.23640 -32768 -32768 -32768 -32768
1.5 -869.19586 834.79901 45.28556 -26.42065 -32768 -32768 -32768 -32768
2 -661.60364 609.21240 -174.76535 211.46326 -32768 -32768 -32768 -32768
2.5 -12.46190 -15.72989 -64.16827 105.99987 -32768 -32768 -32768 -32768
3 74.11707 -107.51056 -49.94652 83.29974 -32768 -32768 -32768 -32768
3.5 97.94937 -134.08493 -76.36157 115.88688 -32768 -32768 -32768 -32768
4 98.46089 -134.85481 -78.49616 121.01143 -32768 -32768 -32768 -32768
4.5 105.01041 -141.42958 -83.08765 119.59868 -32768 -32768 -32768 -32768
5 113.12856 -150.62402 -83.68628 127.30552 -32768 -32768 -32768 -32768
5.5 249.66470 -287.46744 -112.20168 144.90985 -32768 -32768 -32768 -32768
6 265.33746 -301.89542 -91.50504 128.16313 -32768 -32768 -32768 -32768
6.5 266.35138 -305.08014 -76.08828 111.52636 -32768 -32768 -32768 -32768
7 289.07159 -322.93353 -68.19357 114.12345 -32768 -32768 -32768 -32768
7.5 305.52216 -347.26456 -76.12424 106.38381 -32768 -32768 -32768 -32768
8 378.38016 -409.49594 -90.81936 149.20961 -32768 -32768 -32768 -32768
8.5 424.58047 -461.26706 -168.38834 223.53650 -32768 -32768 -32768 -32768
9 420.61505 -453.22604 -241.19519 270.99692 -32768 -32768 -32768 -32768
9.5 491.40817 -527.32190 -283.74109 310.34543 -32768 -32768 -32768 -32768
10 494.37369 -530.90125 -301.12350 329.69934 -32768 -32768 -32768 -32768
10.5 471.79733 -508.59265 -298.00659 329.52844 -32768 -32768 -32768 -32768
11 437.07925 -472.83807 -316.92545 354.90363 -32768 -32768 -32768 -32768
11.5 577.99792 -613.45758 -306.44968 343.62637 -32768 -32768 -32768 -32768
12 622.70227 -660.19830 -252.53581 278.74042 -32768 -32768 -32768 -32768
12.5 610.30420 -648.06635 -256.71524 281.11935 -32768 -32768 -32768 -32768
13 581.11749 -613.64264 -231.57547 261.18259 -32768 -32768 -32768 -32768
13.5 572.58783 -604.23944 -203.92841 244.72980 -32768 -32768 -32768 -32768
