IN030 MCDONSLL
30
12.08.19 11:23
IN030
0.0 0.0
0.0
0.00 0.00
-1.00 -1.00
0.00 0.00
20000.00
0.0
50
50
B
2
27
0.5 -926.41809 826.62860 152.39641 -172.72336 -32768 -32768 -32768 -32768
1 -926.32800 834.07928 152.37929 -120.52318 -32768 -32768 -32768 -32768
1.5 -752.64325 776.32465 -138.03992 126.00700 -32768 -32768 -32768 -32768
2 -247.67595 202.54771 -114.18971 143.76227 -32768 -32768 -32768 -32768
2.5 57.22921 -94.70352 -51.10566 79.84662 -32768 -32768 -32768 -32768
3 92.57285 -124.46114 -74.89854 92.93075 -32768 -32768 -32768 -32768
3.5 98.24387 -133.01036 -78.54767 105.00905 -32768 -32768 -32768 -32768
4 100.95978 -134.62204 -84.77537 110.08755 -32768 -32768 -32768 -32768
4.5 107.47431 -141.15367 -87.25610 106.22816 -32768 -32768 -32768 -32768
5 174.75726 -214.19121 -114.71993 130.44823 -32768 -32768 -32768 -32768
5.5 275.24734 -310.39944 -124.80518 151.84775 -32768 -32768 -32768 -32768
6 257.86151 -293.83923 -82.95933 112.45404 -32768 -32768 -32768 -32768
6.5 279.79727 -317.39182 -80.74280 109.18630 -32768 -32768 -32768 -32768
7 290.96530 -328.53299 -74.01993 107.11505 -32768 -32768 -32768 -32768
7.5 340.06558 -379.44611 -81.22591 115.10198 -32768 -32768 -32768 -32768
8 421.71564 -449.61777 -141.76703 159.09517 -32768 -32768 -32768 -32768
8.5 395.19583 -437.25500 -220.50514 250.98598 -32768 -32768 -32768 -32768
9 465.63208 -499.57101 -265.47083 287.31369 -32768 -32768 -32768 -32768
9.5 501.53592 -538.07904 -299.82031 313.14224 -32768 -32768 -32768 -32768
10 477.85907 -516.03577 -294.77478 320.27646 -32768 -32768 -32768 -32768
10.5 450.04498 -487.03351 -312.94464 334.10352 -32768 -32768 -32768 -32768
11 497.49158 -530.83826 -340.16025 364.42398 -32768 -32768 -32768 -32768
11.5 619.08203 -648.63525 -244.72035 287.02960 -32768 -32768 -32768 -32768
12 616.25616 -653.90387 -258.45126 280.15182 -32768 -32768 -32768 -32768
12.5 600.21600 -634.52582 -243.93810 268.00995 -32768 -32768 -32768 -32768
13 559.71588 -591.59589 -222.28828 253.21223 -32768 -32768 -32768 -32768
13.5 593.81244 -626.85645 -209.22301 224.03169 -32768 -32768 -32768 -32768
